pose1: [90,63.823,3.596,-105.917,88.828,-89.121,0]

# pose[2]=[69.314,60.875,3.596,60.307,75.832,-79.223,-58.969]


yubei pose[2]=[59.691,67.837,-1.395,43.771,78.769,-59.241,0] xyz=[-613.650,-630.055,380.125]

pose[3]=[90,33.435,3.596,20,97.833,-89.155,0] xyz=[-216.374,-580.884,898.195]



pose[4]=[98.107,-42.702,0,4.48,86.667,-92.953,0+- ] xyz=[-300.622,558.338,951.761]


pose5=[119.879,-59.942,-0.334,-45.327,90.743,-68.856,0] xyz=[-581,619.254,377.549]

pose2->pose5 middle pose

pose_mid=[119.879,-67.837,-1.395,43.771,78.624,-85.528,0]

pose5->pose4

pose4->pose3


